function K_result = lqr_k(l_l,l_r)
%LQR_K
%    K_result = LQR_K(L_L,L_R)

%    This function was generated by the Symbolic Math Toolbox version 24.2.
%    2025-11-03 01:52:40

t2 = l_l.^2;
t3 = l_l.^3;
t5 = l_l.^5;
t6 = l_r.^2;
t7 = l_r.^3;
t9 = l_r.^5;
t4 = t2.^2;
t8 = t6.^2;
et1 = l_l.*(-1.136522155815182e+1)-l_r.*3.930669628269388e+1+t2.*8.515252762536522e+1-t3.*3.610271410279444e+2+t4.*7.283951407086713e+2;
et2 = t5.*(-6.007636392808499e+2)-t6.*2.032713556657118e+1+t7.*1.44571316895261e+2+t8.*2.060462899573851e+1-t9.*1.466076851527011e+2;
et3 = l_l.*l_r.*5.388030344076427e+1+l_l.*t6.*4.184745804095753e+1-l_l.*t7.*8.860884102730922e+2+l_l.*t8.*5.589431298974763e+2+l_r.*t2.*1.085503982108475e+2;
et4 = l_r.*t3.*(-5.578464205100438e+2)+l_r.*t4.*7.710198690504772e+2+t2.*t6.*4.931543177197355e+2+t2.*t7.*5.312383774147796e+2-t3.*t6.*8.408834607747106e+2;
et5 = -5.995277780773488;
et6 = l_l.*(-2.316585039652469e+1)+l_r.*1.034297769401568e+2+t2.*5.528917819418518e+1-t3.*2.316654237374483e+2+t4.*4.606436174157124e+2;
et7 = t5.*(-3.82047600423307e+2)-t6.*9.566748307692518e+2+t7.*3.565921279677572e+3-t8.*6.3559931533869e+3+t9.*4.538081894480737e+3+l_l.*l_r.*1.978883164150417e+2;
et8 = l_l.*t6.*(-7.328620998599062e+2)+l_l.*t7.*1.001936165257965e+3-l_l.*t8.*9.560742291542815e+2+l_r.*t2.*6.921096692474343e+1-l_r.*t3.*3.494979978242642e+2;
et9 = l_r.*t4.*5.172765114499506e+2+t2.*t6.*3.671467894936023e+2+t2.*t7.*3.910046561760208e+2-t3.*t6.*6.344086108408309e+2-1.321184515499237e+1;
et10 = l_l.*(-1.706319062512142e+1)+l_r.*2.544486411854019e+1+t2.*7.4256915522613e+1-t3.*1.925688611055411e+2+t4.*2.878010344960649e+2-t5.*1.926157522398369e+2;
et11 = t6.*(-3.754689381637075e+1)-t7.*2.781524805410897e+1+t8.*1.454381595869341e+2-t9.*1.145733568532034e+2-l_l.*l_r.*4.642222721841011e+1;
et12 = l_l.*t6.*1.682347835465979e+2-l_l.*t7.*3.055642673800747e+2+l_l.*t8.*1.259029191403972e+2+l_r.*t2.*7.063343808155138e+1-l_r.*t3.*1.46964946332172e+2;
et13 = l_r.*t4.*1.721906712138591e+2-t2.*t6.*7.626852875097891+t2.*t7.*1.748653870178344e+2-t3.*t6.*1.494770706873024e+2-4.539053369785507;
et14 = l_l.*(-9.767159449777248)+l_r.*1.347344965145601e+1+t2.*3.266581551043555e+1-t3.*7.897232494551398e+1+t4.*1.10450147975989e+2;
et15 = t5.*(-6.938304668316829e+1)-t6.*4.144501897781862e+1+t7.*1.026100933467412e+2-t8.*1.764682147654026e+2+t9.*1.372069478632623e+2;
et16 = l_l.*l_r.*3.590437205139757-l_l.*t6.*2.023128311861769e+1+l_l.*t7.*5.644425580534972e+1-l_l.*t8.*7.887634544918876e+1+l_r.*t2.*1.305151942174458e+1;
et17 = l_r.*t3.*(-3.259625609549474e+1)+l_r.*t4.*4.433339749997038e+1+t2.*t6.*1.09138976159067e+1+t2.*t7.*3.876693289196655e+1-t3.*t6.*4.979058506076277e+1;
et18 = -1.650477599229395;
et19 = l_l.*(-2.165248439269074e-1)-l_r.*8.193889068341529e+1-t2.*1.532423201740656e+1+t3.*3.260972809165968e+1+t4.*1.630023360126318e+1;
et20 = t5.*(-8.450375049240472e+1)+t6.*9.283106861070689e+1-t7.*9.256306878198968e+1+t8.*2.132971282980411e+2-t9.*1.454286165068128e+2;
et21 = l_l.*l_r.*1.849718632211912e+2-l_l.*t6.*4.715874493290855e+2+l_l.*t7.*2.178451287520721e+2-l_l.*t8.*2.525269761545638e+2-l_r.*t2.*2.402374647665074e+2;
et22 = l_r.*t3.*(-2.030356627442177e+1)+l_r.*t4.*3.373640555797496e+2+t2.*t6.*7.985503403599646e+2+t2.*t7.*1.333682111025183e+2-t3.*t6.*7.880584549800427e+2;
et23 = 8.622006617230608e-1;
et24 = l_l.*1.913017351668012e-1-l_r.*1.91915020085151-t2.*7.441387326391634e-1-t3.*3.636646018309561+t4.*1.723468477831014e+1;
et25 = t5.*(-2.299836345831172e+1)-t6.*1.854942383782206e+1+t7.*5.767164613724099e+1-t8.*8.446440146188995e+1+t9.*6.663171965763078e+1;
et26 = l_l.*l_r.*4.66883325599291-l_l.*t6.*4.577569303019442-l_l.*t7.*5.654435409698992e+1-l_l.*t8.*8.586133462703659+l_r.*t2.*4.255003048095417;
et27 = l_r.*t3.*(-4.11469035963471e+1)+l_r.*t4.*7.328541146390913e+1+t2.*t6.*5.5839824292284e+1+t2.*t7.*8.770288665136717e+1-t3.*t6.*1.11783660278934e+2;
et28 = -9.126575818620947e-1;
et29 = l_l.*9.360806655334708e-2-l_r.*8.300121468332361e+1-t2.*2.807014518702779-t3.*3.820174313857768e+1+t4.*1.708696813801804e+2;
et30 = t5.*(-2.118306370163927e+2)+t6.*2.923532070592789e+2-t7.*9.276707361847051e+2+t8.*1.386454870305201e+3-t9.*8.428281314380259e+2;
et31 = l_l.*l_r.*1.222458996235176e+2-l_l.*t6.*5.667483804481781e+1+l_l.*t7.*1.980800593566493e+2-l_l.*t8.*2.396229591374649e+2-l_r.*t2.*1.447314004191436e+2;
et32 = l_r.*t3.*(-8.326984719297985e+1)+l_r.*t4.*3.464323116287161e+2+t2.*t6.*1.440411451661367e+2+t2.*t7.*1.168655321635544e+2-t3.*t6.*3.448682544704317e+2;
et33 = 9.514915986124797e-1;
et34 = l_l.*(-9.32775923800945e-1)+l_r.*3.03859855549343+t2.*4.742473048579587e-1-t3.*9.78302459777484+t4.*2.917513803047047e+1;
et35 = t5.*(-3.312016469182568e+1)-t6.*4.397876098553543e+1+t7.*1.280775599571422e+2-t8.*2.024266545417667e+2+t9.*1.463759907399704e+2;
et36 = l_l.*l_r.*1.043031818116493e+1-l_l.*t6.*6.520836767107377-l_l.*t7.*1.78552219814947e+1-l_l.*t8.*4.585601220946407e+1+l_r.*t2.*3.868827916387356;
et37 = l_r.*t3.*(-3.823429770204313e+1)+l_r.*t4.*7.722354360215198e+1+t2.*t6.*3.333190490796996e+1+t2.*t7.*9.674107845882752e+1-t3.*t6.*1.088711016786026e+2;
et38 = -5.719184084006718e-1;
et39 = l_l.*6.853257921841536e+1-l_r.*3.767146552808742e+1-t2.*1.91989369321075e+2+t3.*2.859822046880249e+2-t4.*1.953395189186703e+2;
et40 = t5.*2.735068102064454e+1+t6.*4.053776981320777e+2-t7.*1.38248384969944e+3+t8.*2.074023044457946e+3-t9.*1.241212610518958e+3-l_l.*l_r.*6.774177545059251e+1;
et41 = l_l.*t6.*(-2.07419191382005e+1)+l_l.*t7.*7.086362216323935e+2-l_l.*t8.*6.064502632368233e+2+l_r.*t2.*2.753609526856412e+2-l_r.*t3.*2.500110515140051e+2;
et42 = l_r.*t4.*3.746769121031079e+1-t2.*t6.*6.789759339870552e+2+t2.*t7.*2.862104052911112e+1+t3.*t6.*5.587346780047578e+2-1.986116999791039e+1;
et43 = l_l.*1.736034638239047e+1+l_r.*2.133042126436213e+1-t2.*4.428381309718458e+1+t3.*6.17401216989531e+1-t4.*3.571191600772502e+1;
et44 = t5.*(-2.520391644629815)-t6.*9.840943059791968e+1+t7.*3.028415310811334e+2-t8.*5.174871857886282e+2+t9.*3.587385898890714e+2;
et45 = l_l.*l_r.*(-5.848099867614784e+1)+l_l.*t6.*1.348786949764959e+2-l_l.*t7.*1.38440420987748e+2+l_l.*t8.*5.946256592499639e+1+l_r.*t2.*1.305703843920959e+2;
et46 = l_r.*t3.*(-1.476303408075311e+2)+l_r.*t4.*7.705081097607469e+1-t2.*t6.*2.104299314194009e+2+t2.*t7.*1.180398702335088e+2+t3.*t6.*1.01907961646417e+2;
et47 = -5.35598994695693;
et48 = l_l.*(-9.404705139221228e+1)+l_r.*4.369388776581369e+1+t2.*5.162963903585568e+2-t3.*1.25297460018499e+3+t4.*1.450771332801031e+3;
et49 = t5.*(-5.649039328727036e+2)+t6.*4.417172308448151e+1-t7.*4.888745134182986e+2+t8.*1.350818687910364e+3-t9.*1.276134398593975e+3-l_l.*l_r.*4.455740473623664e+2;
et50 = l_l.*t6.*1.553630830584645e+3-l_l.*t7.*2.804553319971375e+3+l_l.*t8.*2.315039350355493e+3+l_r.*t2.*1.401157044522218e+2+l_r.*t3.*7.088027379878639e+2;
et51 = l_r.*t4.*(-1.162308291069414e+3)-t2.*t6.*9.449672547203993e+2+t2.*t7.*5.413903824674076e+1+t3.*t6.*9.361966081683357e+2-6.002347088728508;
et52 = l_l.*(-9.781731893698337e+1)+l_r.*1.820323324277157e+2+t2.*3.526359469888542e+2-t3.*7.691410614830746e+2+t4.*8.120968493805711e+2-t5.*2.56474016481915e+2;
et53 = t6.*(-1.119955510368019e+3)+t7.*3.979033856745749e+3-t8.*7.032402823146906e+3+t9.*4.882082777772898e+3+l_l.*l_r.*3.159549963506091e+1-l_l.*t6.*1.613779828395186e+2;
et54 = l_l.*t7.*2.78276826225313e+2+l_l.*t8.*8.959352012213657e+1-l_r.*t2.*2.535613273177619e+2+l_r.*t3.*7.743350929457002e+2-l_r.*t4.*9.400916210626906e+2;
et55 = t2.*t6.*6.349717031370968e+1-t2.*t7.*6.230284360155875e+2+t3.*t6.*4.825660128966566e+2-1.339526691560183e+1;
et56 = l_l.*(-2.83958978002264e+1)+l_r.*2.045899599192703e+1+t2.*7.205389389793875e+1-t3.*2.125634321565166e+1-t4.*1.961409310213882e+2;
et57 = t5.*2.508752026486234e+2-t6.*7.501239130065838e+1+t7.*1.443317679350264e+2-t8.*9.944607190649891e+1-t9.*1.077693305827022e+1;
et58 = l_l.*l_r.*8.972780692748341+l_l.*t6.*6.562629682586734e+1-l_l.*t7.*2.556570791140269e+2+l_l.*t8.*2.723748074490519e+2-l_r.*t2.*1.926636956643202e+2;
